-1.000000	0.000000
-2.000000	1.000000
-2.500000	1.500000
-3.500000	1.500000
-3.750000	1.500000
-4.750000	1.500000
-4.875000	1.500000
-5.875000	1.500000
-5.937500	1.500000
-6.937500	1.500000
-6.968750	1.500000
-7.968750	1.500000
-7.984375	1.500000
-8.984375	0.500000
-8.984375	0.500000
-8.984375	0.500000
-8.984375	0.500000
-8.984375	1.000000
-8.984375	1.000000
-8.984375	1.000000
-8.984375	1.000000
-8.984375	0.750000
-8.984375	0.750000
-8.984375	0.750000
-8.984375	0.750000
-8.984375	0.875000
-8.984375	0.875000
-8.984375	0.875000
-8.984375	0.875000
-8.984375	0.812500
-8.984375	0.812500
-8.984375	0.812500
-8.984375	0.812500	-13.513693	116	22
-8.992188	0.835937	-13.514310	141	28
-8.994141	0.834961	-13.514311	167	34
-8.993958	0.835144	-13.514311	201	42
-8.993950	0.835152	-13.514311	221	46
