-6,770425	0,568865
-7,289910	0,633613
-7,634012	0,675647
-7,883236	0,705659
-8,072960	0,728266
-8,222076	0,745888
-8,341903	0,759959
-8,439767	0,771391
-8,520683	0,780803
-8,588230	0,788633
-8,645048	0,795200
-8,693136	0,800745
-8,734040	0,805451
-8,768979	0,809465
-8,798927	0,812899
-8,824671	0,815848
-8,846857	0,818387
-8,866015	0,820577
-8,882589	0,822470
-8,896950	0,824109
-8,909408	0,825530
-8,909408	0,825530	-13,510538	44+44+63=150	21
-8,986494	0,834305	-13,514281	80+80+117=276	39
-8,993183	0,835065	-13,514311	114+114+168=395	56
-8,993873	0,835144	-13,514311	148+148+219=514	73
-8,993944	0,835152	-13,514311	182+182+270=633	90
