-1,587758	0,000000
-2,167288	0,390000
-2,736422	0,743239
-3,291850	1,054890
-3,829320	1,316282
-4,344274	1,517335
-4,832921	1,650727
-5,293135	1,716754
-5,724395	1,725215
-6,126894	1,691851
-6,500696	1,632346
-6,845471	1,558731
-7,160620	1,479053
-7,445550	1,398470
-7,699939	1,320352
-7,923939	1,246965
-8,118306	1,179823
-8,284441	1,119846
-8,424340	1,067446
-8,540468	1,022597
-8,635585	0,984927
-8,712560	0,953811
-8,712560	0,928484	-13,482824	44	22
-8,966611	0,844248	-13,514000	62	31
-8,991503	0,835967	-13,514309	80	40
-8,993667	0,835247	-13,514311	96	48
-8,993927	0,835161	-13,514311	114	57
